42
64
7
52
14
30
73
27
3
80
28
94
25
71
81
81
67
35
94
82
1
32
82
73
69
38
26
38
33
77
85
55
71
81
73
73
25
76
25
20
25
43
42
61
24
73
70
21
92
91
62
47
24
13
87
33
94
53
71
15
48
17
60
3
26
45
72
60
78
30
26
27
24
24
80
21
62
63
61
34
50
36
44
41
61
17
83
45
9
71
33
38
24
72
55
88
17
1
78
77
20
32
77
2
62
30
31
78
5
9
73
30
26
80
33
93
37
2
46
37
27
23
18
21
64
2
63
62
59
31
31
72
20
71
93
30
3
78
47
27
54
93
51
47
51
67
47
5
63
40
3
3
20
81
85
29
29
32
39
25
68
4
90
17
52
13
7
93
64
40
90
4
13
84
53
20
3
20
17
51
84
55
43
17
42
87
76
10
41
42
51
42
9
52
28
39
86
54
58
31
55
9
45
20
57
22
9
93
53
56
17
41
46
23
58
